
# 1. Sudoku sin resolver
0 0 6 7 8 0 4 3 0
8 5 0 0 3 0 2 7 0
0 0 3 5 2 6 9 0 0 
0 6 0 0 4 0 0 9 0 
0 0 2 0 0 0 0 6 0 
1 0 0 0 0 3 5 2 0
0 3 0 0 0 8 0 0 2
0 1 0 0 0 4 0 0 0 
0 0 5 0 0 2 0 0 0 

# 2. Restricciones de suma
22 09 09 20 20 20 12 12 12
22 22 09 20 30 11 11 24 07
12 17 20 30 30 30 24 24 07
12 17 20 02 30 12 10 10 03
12 17 20 30 30 12 22 15 15
08 16 20 17 22 22 22 15 06
08 16 16 17 17 17 06 10 06
09 09 15 15 07 17 10 10 17
09 13 13 03 03 03 10 10 17

# 3. Áreas de las restricciones de suma (de 00 a 28)
00 01 01 02 02 02 03 03 03
00 00 01 02 04 05 05 06 07
08 09 10 04 04 04 06 06 07
08 09 10 11 04 12 13 13 14
08 09 10 04 04 12 15 16 16 
17 18 10 19 15 15 15 16 23 
17 18 18 19 20 20 21 22 23 
24 24 25 25 26 20 27 22 28 
24 29 29 30 31 31 27 22 28 